'Offset' 'Step Length' 'Step Time'  'Fx'     'Fy'	
         0   12.3497    1.9111    4.4258    1.9306
    0.0250   12.3289    2.5741    4.9166    1.6721
    0.0500   12.2965    3.2030    5.4445    1.3993
    0.0750   12.1591    3.7177    5.9856    1.0945
    0.1000   12.0253    4.4075    6.3857    0.8133
    0.1250   11.8189    4.9388    6.8937    0.4897
    0.1500   11.5748    5.5342    7.3362    0.1658
    0.1750   11.2647    6.0201    7.8225    0.1922
    0.2000   10.8685    6.5071    8.2406    0.5786
    0.2250   10.3972    7.0350    8.6168    0.9853
    0.2500    9.8003    7.5009    8.9831    1.4449
    0.2750    9.1544    7.9203    9.3792    1.9310
    0.3000    8.2940    8.3632    9.6750    2.4918
    0.3250    7.3225    8.6226   10.0541    3.1166
    0.3500    6.1324    8.9432   10.3342    3.8273
    0.3750    4.5808    9.1533   10.6118    4.6675
    0.4000    2.6529    9.2492   10.8507    5.6729
    0.4250    2.2830    8.1031   11.9890    6.4831